idpc_ndu_2102_23_164811	27	27.00	0.00	777.90407
idpc_ndu_2402_22_260967	24	24.00	0.00	713.42573
idpc_ndu_2494_12_276620	23	23.00	0.00	713.42573
idpc_ndu_2502_22_229601	29	29.13	0.51	742.14953
idpc_ndu_2522_20_171940	41	41.00	0.00	852.37803
idpc_ndu_2715_22_592246	13	13.00	0.00	866.24287
idpc_ndu_2918_29_293109	30	30.00	0.00	1048.56350
idpc_ndu_3161_15_339881	30	30.00	0.00	1235.15263
idpc_ndu_3202_42_243376	45	47.33	2.54	1235.15263
idpc_ndu_3602_32_406192	35	41.00	4.25	1634.48610
idpc_ndu_3647_29_457939	30	30.47	1.22	1634.48610
