idpc_ndu_427_7_14927	8	8.00	0.00	18.73420
idpc_ndu_704_15_16990	31	31.00	0.00	45.73947
idpc_ndu_842_23_31617	22	22.00	0.00	106.60360
idpc_ndu_1002_12_82252	14	14.00	0.00	106.60360
idpc_ndu_1002_22_36564	30	34.33	3.73	132.15863
idpc_ndu_1192_19_37744	43	51.97	4.14	191.09137
idpc_ndu_1202_22_65521	22	22.00	0.00	201.79483
idpc_ndu_1256_21_44446	43	48.63	3.64	241.49767
idpc_ndu_1322_22_48821	44	44.00	0.00	274.01440
idpc_ndu_1506_9_130556	11	15.00	4.07	350.66313
idpc_ndu_1514_30_78351	30	30.00	0.00	336.32893
idpc_ndu_1514_16_78292	33	33.00	0.00	336.32893
idpc_ndu_1602_22_60574	46	46.80	0.41	395.09337
idpc_ndu_1682_23_67612	46	61.67	12.72	431.79220
idpc_ndu_1730_20_88509	39	41.77	0.73	506.29430
idpc_ndu_2002_22_178026	24	24.00	0.00	568.48253
