idpc_ndu_52_6_204	6	6.00	0.00	0.79293
idpc_ndu_52_6_204	6	6.00	0.00	0.85347
idpc_ndu_152_14_1869	8	15.73	1.46	2.54897
idpc_ndu_202_22_2341	20	20.87	2.11	2.54897
idpc_ndu_252_11_3513	11	16.63	6.55	9.35113
idpc_ndu_302_12_4930	11	20.97	5.59	9.35113
idpc_ndu_352_17_6667	28	30.83	0.59	14.85230
idpc_ndu_402_22_8220	26	26.70	1.64	14.85230
idpc_ndu_452_32_10406	22	22.00	0.00	18.73420
idpc_ndu_502_12_10949	11	28.40	3.29	45.73947
idpc_ndu_1002_32_60942	19	19.17	0.53	132.15863
idpc_ndu_1102_17_56280	25	25.37	0.76	191.09137
idpc_ndu_1202_18_68002	24	24.20	0.66	201.79483
idpc_ndu_1302_22_78953	25	25.90	0.31	241.49767
idpc_ndu_1402_24_92365	24	24.67	0.48	274.01440
idpc_ndu_1502_27_104878	26	29.00	1.39	350.66313
idpc_ndu_1602_14_96765	32	33.10	0.80	395.09337
idpc_ndu_1702_18_110993	20	29.83	4.45	431.79220
idpc_ndu_1802_21_123666	36	36.73	0.45	506.29430
idpc_ndu_1902_27_137407	30	36.13	5.55	568.48253
